nbClients: 25
nbTrips: 3
VehCapacity: 180
ClientDemands: 
20	20	20	30	20	20	30	30	10	10	10	30	10	30	30	30	20	20	20	30	10	10	10	10	10	
ServiceTimes: 
132	67	111	130	142	111	124	163	75	125	124	121	128	73	92	140	96	90	83	152	159	128	85	98	129	
TravelTimes: 
0	13	22	76	39	99	29	73	103	69	75	82	17	65	81	9	47	70	86	48	66	17	87	93	42	97	
13	0	35	67	26	92	18	65	106	65	78	74	25	56	83	22	48	65	88	58	63	15	85	84	49	100	
22	35	0	88	59	107	46	84	94	71	66	91	16	77	74	13	46	75	80	30	68	30	86	104	30	87	
76	67	88	0	49	28	48	6	87	36	72	12	71	11	69	80	51	27	68	89	38	60	50	17	75	84	
39	26	59	49	0	77	16	49	111	61	85	59	46	39	88	47	54	57	91	77	60	32	82	65	65	105	
99	92	107	28	77	0	74	28	77	39	70	18	90	38	65	101	63	32	62	100	42	82	40	16	86	76	
29	18	46	48	16	74	0	46	97	50	70	56	30	37	74	34	38	48	77	61	48	16	71	65	49	91	
73	65	84	6	49	28	46	0	81	30	66	10	67	10	63	76	46	21	63	84	32	56	45	20	69	78	
103	106	94	87	111	77	97	81	0	53	28	78	86	86	22	98	58	61	20	68	53	90	37	89	64	7	
69	65	71	36	61	39	50	30	53	0	36	29	56	33	33	68	25	9	33	61	3	52	20	43	48	49	
75	78	66	72	85	70	70	66	28	36	0	65	58	68	8	70	31	45	14	42	34	63	32	79	36	21	
82	74	91	12	59	18	56	10	78	29	65	0	74	20	62	84	50	21	60	88	32	65	40	14	74	75	
17	25	16	71	46	90	30	67	86	56	58	74	0	60	65	12	33	59	70	33	53	14	73	87	25	80	
65	56	77	11	39	38	37	10	86	33	68	20	60	0	67	69	43	25	67	80	34	49	51	28	66	83	
81	83	74	69	88	65	74	63	22	33	8	62	65	67	0	76	35	42	6	51	32	68	25	75	44	17	
9	22	13	80	47	101	34	76	98	68	70	84	12	69	76	0	45	70	82	40	64	19	85	96	35	91	
47	48	46	51	54	63	38	46	58	25	31	50	33	43	35	45	0	30	39	38	21	32	40	64	24	52	
70	65	75	27	57	32	48	21	61	9	45	21	59	25	42	70	30	0	42	68	11	52	26	35	54	57	
86	88	80	68	91	62	77	63	20	33	14	60	70	67	6	82	39	42	0	57	33	72	21	73	50	15	
48	58	30	89	77	100	61	84	68	61	42	88	33	80	51	40	38	68	57	0	58	45	69	102	14	61	
66	63	68	38	60	42	48	32	53	3	34	32	53	34	32	64	21	11	33	58	0	49	22	46	44	48	
17	15	30	60	32	82	16	56	90	52	63	65	14	49	68	19	32	52	72	45	49	0	70	76	35	84	
87	85	86	50	82	40	71	45	37	20	32	40	73	51	25	85	40	26	21	69	22	70	0	52	58	36	
93	84	104	17	65	16	65	20	89	43	79	14	87	28	75	96	64	35	73	102	46	76	52	0	88	88	
42	49	30	75	65	86	49	69	64	48	36	74	25	66	44	35	24	54	50	14	44	35	58	88	0	57	
97	100	87	84	105	76	91	78	7	49	21	75	80	83	17	91	52	57	15	61	48	84	36	88	57	0	
