nbClients: 25
nbTrips: 3
VehCapacity: 180
ClientDemands: 
20	30	30	30	20	30	10	30	30	20	20	10	10	10	20	10	20	30	10	10	10	20	20	30	10	
ServiceTimes: 
76	71	136	148	65	130	114	105	73	106	131	83	88	109	154	172	172	177	88	151	78	157	94	154	152	
TravelTimes: 
0	14	41	31	37	9	47	46	44	42	6	35	45	41	43	44	63	55	27	59	58	56	55	66	17	43	
14	0	42	44	49	15	41	32	40	56	13	49	59	38	52	56	49	43	35	61	61	60	57	63	31	29	
41	42	0	63	71	31	83	62	82	65	46	47	66	12	82	41	71	47	19	19	19	21	96	28	40	51	
31	44	63	0	7	38	59	75	53	16	31	27	19	69	24	41	93	86	45	78	76	71	49	92	23	73	
37	49	71	7	0	44	58	78	51	21	35	34	24	75	17	49	96	91	52	85	84	79	44	99	30	77	
9	15	31	38	44	0	54	46	52	46	15	35	48	32	52	40	62	49	20	50	49	47	64	57	18	41	
47	41	83	59	58	54	0	40	7	76	41	79	79	78	48	90	55	69	74	102	102	101	31	102	62	48	
46	32	62	75	78	46	40	0	45	88	44	81	91	52	76	87	18	30	63	80	81	83	69	72	63	11	
44	40	82	53	51	52	7	45	0	70	38	74	73	78	41	86	61	72	72	101	101	100	25	103	58	52	
42	56	65	16	21	46	76	88	70	0	44	19	3	73	38	32	106	96	46	75	74	67	65	93	28	85	
6	13	46	31	35	15	41	44	38	44	0	40	47	46	40	49	61	56	34	65	64	62	49	71	22	42	
35	49	47	27	34	35	79	81	74	19	40	0	19	56	51	14	97	83	28	56	54	47	75	75	18	76	
45	59	66	19	24	48	79	91	73	3	47	19	0	74	41	31	108	98	47	75	74	67	68	94	30	88	
41	38	12	69	75	32	78	52	78	73	46	56	74	0	85	52	59	34	27	28	29	32	95	25	46	41	
43	52	82	24	17	52	48	76	41	38	40	51	41	85	0	65	94	95	65	98	97	93	27	110	43	78	
44	56	41	41	49	40	90	87	86	32	49	14	31	52	65	0	101	83	26	46	44	36	88	67	28	80	
63	49	71	93	96	62	55	18	61	106	61	97	108	59	94	101	0	28	76	87	88	92	86	74	79	21	
55	43	47	86	91	49	69	30	72	96	56	83	98	34	95	83	28	0	57	60	62	67	95	46	68	20	
27	35	19	45	52	20	74	63	72	46	34	28	47	27	65	26	76	57	0	33	32	28	82	47	21	55	
59	61	19	78	85	50	102	80	101	75	65	56	75	28	98	46	87	60	33	0	2	10	114	24	55	69	
58	61	19	76	84	49	102	81	101	74	64	54	74	29	97	44	88	62	32	2	0	8	114	26	54	70	
56	60	21	71	79	47	101	83	100	67	62	47	67	32	93	36	92	67	28	10	8	0	110	34	49	72	
55	57	96	49	44	64	31	69	25	65	49	75	68	95	27	88	86	95	82	114	114	110	0	120	63	75	
66	63	28	92	99	57	102	72	103	93	71	75	94	25	110	67	74	46	47	24	26	34	120	0	68	60	
17	31	40	23	30	18	62	63	58	28	22	18	30	46	43	28	79	68	21	55	54	49	63	68	0	59	
43	29	51	73	77	41	48	11	52	85	42	76	88	41	78	80	21	20	55	69	70	72	75	60	59	0	
