nbClients: 25
nbTrips: 3
VehCapacity: 180
ClientDemands: 
30	30	10	20	10	10	30	10	20	30	20	20	20	10	30	10	20	30	10	30	20	10	20	30	10	
ServiceTimes: 
10	7	32	40	30	49	7	45	6	25	11	21	16	26	23	35	31	14	39	18	11	8	9	36	29	
TravelTimes: 
0	61	58	60	53	16	57	50	57	42	39	50	19	8	21	14	32	8	30	55	39	36	26	20	21	51	
61	0	22	31	51	59	16	46	96	40	25	23	73	56	82	73	44	55	87	111	81	87	68	80	67	15	
58	22	0	8	29	50	36	62	79	23	20	40	64	56	76	66	54	54	78	112	67	90	55	73	71	32	
60	31	8	0	23	50	45	70	75	21	25	49	64	60	78	67	61	58	78	116	64	95	54	75	76	41	
53	51	29	23	0	39	61	79	52	14	34	62	50	56	66	55	66	54	62	107	44	90	38	62	73	56	
16	59	50	50	39	0	59	60	45	30	34	54	14	22	27	17	42	21	28	68	27	51	12	24	37	52	
57	16	36	45	61	59	0	30	101	48	29	9	72	50	78	71	33	49	86	101	84	77	69	77	58	6	
50	46	62	70	79	60	30	0	105	65	46	22	69	41	68	64	18	41	80	78	87	55	72	68	40	30	
57	96	79	75	52	45	101	105	0	56	72	97	39	66	50	46	87	65	37	91	18	84	33	47	77	94	
42	40	23	21	14	30	48	65	56	0	20	48	43	44	58	47	51	42	57	97	44	78	33	54	60	43	
39	25	20	25	34	34	29	46	72	20	0	28	48	36	59	49	35	34	63	92	57	70	43	56	51	23	
50	23	40	49	62	54	9	22	97	48	28	0	66	43	71	64	24	42	79	92	80	68	65	70	49	8	
19	73	64	64	50	14	72	69	39	43	48	66	0	27	16	7	51	27	14	59	21	47	13	12	38	66	
8	56	56	60	56	22	50	41	66	44	36	43	27	0	28	23	23	2	38	55	47	34	33	27	16	45	
21	82	76	78	66	27	78	68	50	58	59	71	16	28	0	10	51	29	14	43	35	33	29	4	30	72	
14	73	66	67	55	17	71	64	46	47	49	64	7	23	10	0	47	23	15	53	28	40	19	7	31	65	
32	44	54	61	66	42	33	18	87	51	35	24	51	23	51	47	0	23	62	68	69	44	54	51	25	29	
8	55	54	58	54	21	49	41	65	42	34	42	27	2	29	23	23	0	38	58	46	36	32	28	18	43	
30	87	78	78	62	28	86	80	37	57	63	79	14	38	14	15	62	38	0	54	23	47	24	12	44	80	
55	111	112	116	107	68	101	78	91	97	92	92	59	55	43	53	68	58	54	0	77	24	72	47	43	97	
39	81	67	64	44	27	84	87	18	44	57	80	21	47	35	28	69	46	23	77	0	68	15	31	59	78	
36	87	90	95	90	51	77	55	84	78	70	68	47	34	33	40	44	36	47	24	68	0	59	37	19	73	
26	68	55	54	38	12	69	72	33	33	43	65	13	33	29	19	54	32	24	72	15	59	0	25	47	63	
20	80	73	75	62	24	77	68	47	54	56	70	12	27	4	7	51	28	12	47	31	37	25	0	32	71	
21	67	71	76	73	37	58	40	77	60	51	49	38	16	30	31	25	18	44	43	59	19	47	32	0	54	
51	15	32	41	56	52	6	30	94	43	23	8	66	45	72	65	29	43	80	97	78	73	63	71	54	0	
