nbClients: 25
nbTrips: 3
VehCapacity: 180
ClientDemands: 
30	20	20	20	30	30	30	10	10	10	30	30	20	10	30	10	20	10	10	20	10	20	30	10	20	
ServiceTimes: 
0	0	0	0	0	0	0	0	0	0	0	0	0	0	0	0	0	0	0	0	0	0	0	0	0	
TravelTimes: 
0	17	39	56	48	30	59	50	18	29	30	19	33	45	31	42	30	41	11	2	46	10	36	11	20	49	
17	0	57	73	32	24	65	58	8	15	37	33	46	52	16	56	43	24	16	14	60	9	25	26	34	31	
39	57	0	17	87	65	72	62	57	68	39	26	38	44	68	21	24	79	43	42	21	48	66	34	26	87	
56	73	17	0	105	83	87	76	74	86	50	41	54	50	83	25	35	95	59	59	22	64	80	52	41	102	
48	32	87	105	0	27	68	66	30	18	69	66	66	84	33	89	76	24	48	45	93	42	46	53	66	27	
30	24	65	83	27	0	44	40	16	16	58	49	38	74	37	72	60	38	37	28	76	30	50	30	50	45	
59	65	72	87	68	44	0	10	56	60	88	72	34	102	80	89	82	82	70	59	91	66	91	50	73	89	
50	58	62	76	66	40	10	0	50	56	78	62	23	92	74	78	71	78	62	51	81	58	83	41	63	85	
18	8	57	74	30	16	56	50	0	11	43	36	41	59	23	59	47	28	21	15	63	14	34	24	37	36	
29	15	68	86	18	16	60	56	11	0	52	47	50	67	22	70	57	22	31	26	74	24	36	35	48	29	
30	37	39	50	69	58	88	78	43	52	0	18	57	15	38	26	15	51	21	30	30	28	31	37	16	57	
19	33	26	41	66	49	72	62	36	47	18	0	40	30	42	23	11	54	18	21	27	24	40	21	1	61	
33	46	38	54	66	38	34	23	41	50	57	40	0	70	62	54	48	69	44	35	57	43	69	22	41	77	
45	52	44	50	84	74	102	92	59	67	15	30	70	0	52	25	22	65	37	46	27	44	42	51	29	69	
31	16	68	83	33	37	80	74	23	22	38	42	62	52	0	62	49	13	24	28	67	21	13	41	42	19	
42	56	21	25	89	72	89	78	59	70	26	23	54	25	62	0	13	75	40	44	4	46	57	42	22	81	
30	43	24	35	76	60	82	71	47	57	15	11	48	22	49	13	0	62	27	32	17	33	45	32	10	69	
41	24	79	95	24	38	82	78	28	22	51	54	69	65	13	75	62	0	36	38	80	31	24	51	55	7	
11	16	43	59	48	37	70	62	21	31	21	18	44	37	24	40	27	36	0	10	44	7	25	22	18	43	
2	14	42	59	45	28	59	51	15	26	30	21	35	46	28	44	32	38	10	0	48	8	34	13	22	46	
46	60	21	22	93	76	91	81	63	74	30	27	57	27	67	4	17	80	44	48	0	51	61	46	26	86	
10	9	48	64	42	30	66	58	14	24	28	24	43	44	21	46	33	31	7	8	51	0	26	21	24	39	
36	25	66	80	46	50	91	83	34	36	31	40	69	42	13	57	45	24	25	34	61	26	0	47	40	27	
11	26	34	52	53	30	50	41	24	35	37	21	22	51	41	42	32	51	22	13	46	21	47	0	23	58	
20	34	26	41	66	50	73	63	37	48	16	1	41	29	42	22	10	55	18	22	26	24	40	23	0	61	
49	31	87	102	27	45	89	85	36	29	57	61	77	69	19	81	69	7	43	46	86	39	27	58	61	0	
