nbClients: 25
nbTrips: 3
VehCapacity: 180
ClientDemands: 
20	20	30	10	10	10	10	30	20	30	20	10	20	10	30	10	10	20	30	10	20	30	20	30	30	
ServiceTimes: 
0	0	0	0	0	0	0	0	0	0	0	0	0	0	0	0	0	0	0	0	0	0	0	0	0	
TravelTimes: 
0	66	39	21	31	71	19	58	16	40	40	52	50	30	22	15	53	5	28	52	81	62	41	31	67	20	
66	0	91	75	96	67	85	15	72	33	32	14	16	38	57	80	17	66	82	50	15	79	65	36	2	86	
39	91	0	19	23	61	32	89	24	75	74	78	77	54	61	29	83	43	61	53	105	42	32	63	91	29	
21	75	19	0	23	59	22	71	5	56	56	61	60	37	42	16	66	26	46	44	90	45	27	44	75	20	
31	96	23	23	0	81	15	90	24	72	72	82	80	58	51	16	84	34	43	68	111	64	49	62	96	12	
71	67	61	59	81	0	81	75	61	76	75	62	63	52	83	75	72	75	99	21	75	22	32	65	65	79	
19	85	32	22	15	81	0	77	20	59	59	71	69	48	37	6	72	20	29	65	100	67	49	50	86	3	
58	15	89	71	90	75	77	0	67	20	19	13	13	35	45	73	5	58	70	56	27	84	67	27	18	79	
16	72	24	5	24	61	20	67	0	52	51	58	57	33	37	14	62	21	42	45	87	48	29	40	72	19	
40	33	75	56	72	76	59	20	52	0	1	21	19	26	25	56	16	39	50	54	46	79	59	13	35	61	
40	32	74	56	72	75	59	19	51	1	0	20	18	25	25	55	15	39	51	53	46	78	58	12	34	61	
52	14	78	61	82	62	71	13	58	21	20	0	2	24	43	66	9	52	69	42	29	71	54	21	15	72	
50	16	77	60	80	63	69	13	57	19	18	2	0	23	41	65	8	50	67	43	31	71	54	20	17	70	
30	38	54	37	58	52	48	35	33	26	25	24	23	0	32	43	30	32	54	30	53	53	33	13	38	49	
22	57	61	42	51	83	37	45	37	25	25	43	41	32	0	35	41	18	25	61	71	79	57	23	59	39	
15	80	29	16	16	75	6	73	14	56	55	66	65	43	35	0	68	17	31	59	95	62	43	46	81	5	
53	17	83	66	84	72	72	5	62	16	15	9	8	30	41	68	0	53	66	51	30	79	62	22	19	74	
5	66	43	26	34	75	20	58	21	39	39	52	50	32	18	17	53	0	24	56	81	67	45	30	68	22	
28	82	61	46	43	99	29	70	42	50	51	69	67	54	25	31	66	24	0	80	97	90	69	47	84	32	
52	50	53	44	68	21	65	56	45	54	53	42	43	30	61	59	51	56	80	0	60	29	20	43	49	64	
81	15	105	90	111	75	100	27	87	46	46	29	31	53	71	95	30	81	97	60	0	89	77	51	14	101	
62	79	42	45	64	22	67	84	48	79	78	71	71	53	79	62	79	67	90	29	89	0	22	67	78	65	
41	65	32	27	49	32	49	67	29	59	58	54	54	33	57	43	62	45	69	20	77	22	0	46	64	47	
31	36	63	44	62	65	50	27	40	13	12	21	20	13	23	46	22	30	47	43	51	67	46	0	37	51	
67	2	91	75	96	65	86	18	72	35	34	15	17	38	59	81	19	68	84	49	14	78	64	37	0	87	
20	86	29	20	12	79	3	79	19	61	61	72	70	49	39	5	74	22	32	64	101	65	47	51	87	0	
