nbClients: 25
nbTrips: 3
VehCapacity: 180
ClientDemands: 
20	10	30	10	20	30	20	30	20	10	30	20	10	10	20	20	20	10	30	10	30	10	30	10	30	
ServiceTimes: 
149	139	129	116	155	106	166	159	131	142	98	66	74	98	170	72	96	158	103	67	103	171	82	68	131	
TravelTimes: 
0	14	76	39	31	58	48	80	18	10	34	61	63	53	66	25	18	77	40	50	77	81	73	63	18	57	
14	0	82	24	46	65	55	91	11	22	21	61	62	66	64	32	26	85	33	40	89	95	79	63	23	64	
76	82	0	92	63	19	29	34	72	67	83	30	34	57	36	51	58	18	61	72	41	65	3	30	59	19	
39	24	92	0	69	79	70	108	26	46	9	66	65	89	66	51	46	100	33	29	108	117	90	68	41	77	
31	46	63	69	0	44	36	55	44	23	63	61	65	21	70	26	26	56	58	72	50	49	60	64	31	45	
58	65	19	79	44	0	10	32	55	49	70	28	33	41	36	33	40	21	50	63	35	56	15	29	42	2	
48	55	29	70	36	10	0	38	46	38	61	29	34	37	38	23	30	29	43	58	39	56	25	31	32	9	
80	91	34	108	55	32	38	0	83	70	99	59	64	38	67	58	64	16	82	96	8	33	32	60	68	34	
18	11	72	26	44	55	46	83	0	21	18	49	50	63	53	25	19	76	23	32	82	91	69	52	15	54	
10	22	67	46	23	49	38	70	21	0	39	54	57	43	60	16	10	67	39	52	67	72	64	57	12	48	
34	21	83	9	63	70	61	99	18	39	0	57	56	82	57	43	38	91	24	23	99	109	81	59	33	68	
61	61	30	66	61	28	29	59	49	54	57	0	5	66	9	39	43	45	33	42	63	84	29	2	42	25	
63	62	34	65	65	33	34	64	50	57	56	5	0	71	4	42	46	49	32	40	68	89	33	4	45	31	
53	66	57	89	21	41	37	38	63	43	82	66	71	0	75	40	43	45	72	87	31	28	54	68	48	43	
66	64	36	66	70	36	38	67	53	60	57	9	4	75	0	46	50	52	33	40	72	93	36	7	48	34	
25	32	51	51	26	33	23	58	25	16	43	39	42	40	46	0	7	52	32	47	56	67	48	41	9	32	
18	26	58	46	26	40	30	64	19	10	38	43	46	43	50	7	0	59	32	45	63	71	54	46	4	39	
77	85	18	100	56	21	29	16	76	67	91	45	49	45	52	52	59	0	71	84	23	48	16	45	61	22	
40	33	61	33	58	50	43	82	23	39	24	33	32	72	33	32	32	71	0	14	83	98	59	35	28	48	
50	40	72	29	72	63	58	96	32	52	23	42	40	87	40	47	45	84	14	0	97	112	71	43	41	61	
77	89	41	108	50	35	39	8	82	67	99	63	68	31	72	56	63	23	83	97	0	25	39	64	66	38	
81	95	65	117	49	56	56	33	91	72	109	84	89	28	93	67	71	48	98	112	25	0	63	86	75	58	
73	79	3	90	60	15	25	32	69	64	81	29	33	54	36	48	54	16	59	71	39	63	0	29	56	15	
63	63	30	68	64	29	31	60	52	57	59	2	4	68	7	41	46	45	35	43	64	86	29	0	45	27	
18	23	59	41	31	42	32	68	15	12	33	42	45	48	48	9	4	61	28	41	66	75	56	45	0	41	
57	64	19	77	45	2	9	34	54	48	68	25	31	43	34	32	39	22	48	61	38	58	15	27	41	0	
