nbClients: 25
nbTrips: 3
VehCapacity: 180
ClientDemands: 
10	20	20	20	10	20	30	30	10	10	30	10	10	30	30	30	20	10	30	10	10	20	30	20	20	
ServiceTimes: 
22	29	9	23	36	33	21	29	13	25	17	30	35	47	10	34	23	1	46	4	29	38	42	16	40	
TravelTimes: 
0	40	74	45	85	78	52	74	57	24	10	29	53	32	25	27	34	90	60	82	87	61	68	18	81	29	
40	0	50	26	46	54	32	44	23	43	34	21	25	40	62	12	32	53	25	43	51	25	30	25	45	11	
74	50	0	75	68	98	80	85	29	89	74	69	72	47	100	56	41	78	65	39	78	62	35	55	27	53	
45	26	75	0	48	33	7	29	47	32	35	16	11	61	58	27	55	50	21	60	46	25	50	40	67	29	
85	46	68	48	0	43	45	29	45	79	77	58	36	85	104	58	76	10	26	31	10	24	34	71	44	57	
78	54	98	33	43	0	26	14	69	61	68	49	29	94	87	60	86	37	32	69	34	35	65	73	81	61	
52	32	80	7	45	26	0	23	51	37	42	23	10	68	63	34	61	45	20	61	42	24	52	47	69	36	
74	44	85	29	29	14	23	0	56	61	64	45	21	85	87	52	77	25	20	55	21	22	51	66	66	53	
57	23	29	47	45	69	51	56	0	65	54	44	42	43	82	32	34	54	36	26	53	33	13	39	24	30	
24	43	89	32	79	61	37	61	65	0	17	22	43	55	26	33	53	82	53	85	79	55	73	35	89	36	
10	34	74	35	77	68	42	64	54	17	0	19	44	38	28	21	37	81	51	77	78	53	64	19	78	24	
29	21	69	16	58	49	23	45	44	22	19	0	24	47	45	14	41	62	32	63	59	34	50	25	66	17	
53	25	72	11	36	29	10	21	42	43	44	24	0	65	68	31	57	38	10	51	35	14	42	45	59	32	
32	40	47	61	85	94	68	85	43	55	38	47	65	0	57	34	9	93	66	69	91	65	57	21	64	32	
25	62	100	58	104	87	63	87	82	26	28	45	68	57	0	50	59	107	77	105	104	80	92	44	106	52	
27	12	56	27	58	60	34	52	32	33	21	14	31	34	50	0	27	64	35	55	62	35	42	14	56	3	
34	32	41	55	76	86	61	77	34	53	37	41	57	9	59	27	0	84	57	60	82	57	48	18	55	25	
90	53	78	50	10	37	45	25	54	82	81	62	38	93	107	64	84	0	30	41	3	29	43	78	54	64	
60	25	65	21	26	32	20	20	36	53	51	32	10	66	77	35	57	30	0	41	27	4	33	49	50	35	
82	43	39	60	31	69	61	55	26	85	77	63	51	69	105	55	60	41	41	0	41	37	13	64	13	53	
87	51	78	46	10	34	42	21	53	79	78	59	35	91	104	62	82	3	27	41	0	26	43	75	55	61	
61	25	62	25	24	35	24	22	33	55	53	34	14	65	80	35	57	29	4	37	26	0	30	49	46	35	
68	30	35	50	34	65	52	51	13	73	64	50	42	57	92	42	48	43	33	13	43	30	0	50	17	40	
18	25	55	40	71	73	47	66	39	35	19	25	45	21	44	14	18	78	49	64	75	49	50	0	63	14	
81	45	27	67	44	81	69	66	24	89	78	66	59	64	106	56	55	54	50	13	55	46	17	63	0	54	
29	11	53	29	57	61	36	53	30	36	24	17	32	32	52	3	25	64	35	53	61	35	40	14	54	0	
