nbClients: 25
nbTrips: 3
VehCapacity: 180
ClientDemands: 
10	30	20	20	30	10	10	10	30	10	30	20	20	30	30	10	20	20	10	30	20	30	10	20	10	
ServiceTimes: 
0	0	0	0	0	0	0	0	0	0	0	0	0	0	0	0	0	0	0	0	0	0	0	0	0	
TravelTimes: 
0	87	53	92	50	76	47	34	83	10	77	53	44	39	68	46	54	47	5	38	33	45	15	60	37	24	
87	0	38	6	57	49	52	64	81	77	74	36	73	84	93	42	41	99	93	64	112	61	103	27	65	65	
53	38	0	44	21	56	15	25	83	44	74	3	36	64	84	7	6	79	58	26	82	24	68	12	45	29	
92	6	44	0	63	49	58	70	81	82	74	41	79	87	95	48	47	102	97	70	116	67	108	33	68	71	
50	57	21	63	0	77	7	15	101	45	93	25	16	73	98	23	16	87	55	12	83	5	63	33	57	27	
76	49	56	49	77	0	70	73	32	66	25	53	88	51	48	53	62	63	79	76	86	77	88	47	39	66	
47	52	15	58	7	70	0	14	94	41	86	18	21	67	91	16	11	82	53	12	79	9	61	27	50	23	
34	64	25	70	15	73	14	0	93	30	85	28	15	60	86	23	24	73	40	4	67	11	48	37	46	12	
83	81	83	81	101	32	94	93	0	76	8	79	108	47	26	78	89	51	85	96	82	100	92	75	48	83	
10	77	44	82	45	66	41	30	76	0	69	44	42	34	62	37	46	45	15	34	38	41	25	50	28	18	
77	74	74	74	93	25	86	85	8	69	0	71	101	43	26	70	81	49	79	89	78	92	87	67	41	75	
53	36	3	41	25	53	18	28	79	44	71	0	39	62	81	7	9	77	59	29	82	27	69	9	43	30	
44	73	36	79	16	88	21	15	108	42	101	39	0	75	102	35	32	87	49	12	77	12	55	48	62	26	
39	84	64	87	73	51	67	60	47	34	43	62	75	0	29	57	69	15	38	64	36	70	45	64	19	48	
68	93	84	95	98	48	91	86	26	62	26	81	102	29	0	77	89	27	67	90	58	96	73	80	40	75	
46	42	7	48	23	53	16	23	78	37	70	7	35	57	77	0	12	72	52	24	75	24	62	14	38	23	
54	41	6	47	16	62	11	24	89	46	81	9	32	69	89	12	0	84	60	23	85	20	69	17	50	30	
47	99	79	102	87	63	82	73	51	45	49	77	87	15	27	72	84	0	45	78	31	84	48	79	35	61	
5	93	58	97	55	79	53	40	85	15	79	59	49	38	67	52	60	45	0	43	28	50	10	65	40	30	
38	64	26	70	12	76	12	4	96	34	89	29	12	64	90	24	23	78	43	0	71	7	51	38	50	16	
33	112	82	116	83	86	79	67	82	38	78	82	77	36	58	75	85	31	28	71	0	78	24	87	49	56	
45	61	24	67	5	77	9	11	100	41	92	27	12	70	96	24	20	84	50	7	78	0	58	36	55	23	
15	103	68	108	63	88	61	48	92	25	87	69	55	45	73	62	69	48	10	51	24	58	0	76	49	39	
60	27	12	33	33	47	27	37	75	50	67	9	48	64	80	14	17	79	65	38	87	36	76	0	44	38	
37	65	45	68	57	39	50	46	48	28	41	43	62	19	40	38	50	35	40	50	49	55	49	44	0	35	
24	65	29	71	27	66	23	12	83	18	75	30	26	48	75	23	30	61	30	16	56	23	39	38	35	0	
