nbClients: 20
nbTrips: 3
VehCapacity: 140
ClientDemands: 
10	30	10	20	30	30	20	10	20	30	10	10	10	20	20	30	20	30	10	20	
ServiceTimes: 
0	0	0	0	0	0	0	0	0	0	0	0	0	0	0	0	0	0	0	0	
TravelTimes: 
0	73	65	27	47	25	60	98	46	16	83	73	92	83	38	89	95	60	70	74	44	
73	0	45	64	80	49	70	72	26	65	12	70	55	26	42	17	58	44	43	36	45	
65	45	0	41	45	52	27	35	40	50	45	25	27	71	29	61	29	5	5	14	20	
27	64	41	0	23	30	32	71	40	12	72	45	67	82	22	82	70	36	46	52	22	
47	80	45	23	0	54	21	64	61	33	86	35	67	102	40	98	68	42	50	59	35	
25	49	52	30	54	0	58	87	22	23	59	68	77	58	23	64	80	47	55	56	33	
60	70	27	32	21	58	0	43	56	44	72	14	46	94	37	87	47	26	32	41	28	
98	72	35	71	64	87	43	0	75	82	67	29	17	99	64	84	15	40	33	36	55	
46	26	40	40	61	22	56	75	0	39	37	62	62	41	20	43	65	36	42	40	28	
16	65	50	12	33	23	44	82	39	0	74	57	77	79	25	82	79	45	55	60	29	
83	12	45	72	86	59	72	67	37	74	0	70	50	33	50	16	52	46	42	33	51	
73	70	25	45	35	68	14	29	62	57	70	0	35	96	45	86	35	26	28	37	35	
92	55	27	67	67	77	46	17	62	77	50	35	0	82	55	66	3	32	22	22	47	
83	26	71	82	102	58	94	99	41	79	33	96	82	0	61	19	85	70	70	63	68	
38	42	29	22	40	23	37	64	20	25	50	45	55	61	0	60	58	24	33	36	10	
89	17	61	82	98	64	87	84	43	82	16	86	66	19	60	0	69	61	58	50	63	
95	58	29	70	68	80	47	15	65	79	52	35	3	85	58	69	0	34	25	25	50	
60	44	5	36	42	47	26	40	36	45	46	26	32	70	24	61	34	0	10	17	15	
70	43	5	46	50	55	32	33	42	55	42	28	22	70	33	58	25	10	0	9	25	
74	36	14	52	59	56	41	36	40	60	33	37	22	63	36	50	25	17	9	0	30	
44	45	20	22	35	33	28	55	28	29	51	35	47	68	10	63	50	15	25	30	0	
