nbClients: 20
nbTrips: 3
VehCapacity: 140
ClientDemands: 
10	30	20	10	10	10	20	10	10	30	30	30	20	20	20	30	10	30	20	20	
ServiceTimes: 
150	102	148	154	122	93	66	78	107	167	103	167	119	96	147	91	118	73	131	135	
TravelTimes: 
0	83	87	65	5	19	79	62	65	51	95	86	72	73	27	40	73	4	63	15	81	
83	0	43	37	79	73	49	73	27	34	109	62	39	102	61	43	113	87	53	81	19	
87	43	0	23	82	70	12	45	28	57	71	20	15	71	60	60	85	92	28	78	24	
65	37	23	0	59	48	19	36	10	37	72	31	8	64	38	37	76	69	15	56	22	
5	79	82	59	0	13	74	57	60	48	90	80	67	68	21	37	68	10	57	10	76	
19	73	70	48	13	0	61	43	50	44	78	67	55	57	12	34	59	23	44	8	67	
79	49	12	19	74	61	0	33	28	56	61	12	12	59	53	57	73	84	17	69	30	
62	73	45	36	57	43	33	0	46	63	39	31	36	28	42	58	40	66	20	48	57	
65	27	28	10	60	50	28	46	0	28	83	40	16	74	39	32	85	69	26	58	16	
51	34	57	37	48	44	56	63	28	0	103	68	44	89	33	11	96	54	48	51	39	
95	109	71	72	90	78	61	39	83	103	0	51	70	23	79	98	33	98	57	80	91	
86	62	20	31	80	67	12	31	40	68	51	0	24	54	60	67	68	90	23	74	42	
72	39	15	8	67	55	12	36	16	44	70	24	0	64	45	45	77	76	16	63	21	
73	102	71	64	68	57	59	28	74	89	23	54	64	0	60	82	14	76	49	58	86	
27	61	60	38	21	12	53	42	39	33	79	60	45	60	0	23	66	31	37	20	55	
40	43	60	37	37	34	57	58	32	11	98	67	45	82	23	0	88	43	46	40	46	
73	113	85	76	68	59	73	40	85	96	33	68	77	14	66	88	0	75	61	58	98	
4	87	92	69	10	23	84	66	69	54	98	90	76	76	31	43	75	0	67	18	85	
63	53	28	15	57	44	17	20	26	48	57	23	16	49	37	46	61	67	0	51	37	
15	81	78	56	10	8	69	48	58	51	80	74	63	58	20	40	58	18	51	0	75	
81	19	24	22	76	67	30	57	16	39	91	42	21	86	55	46	98	85	37	75	0	
