nbClients: 20
nbTrips: 3
VehCapacity: 140
ClientDemands: 
10	10	20	30	20	10	10	20	30	10	10	20	20	30	20	30	30	30	20	10	
ServiceTimes: 
6	48	5	34	39	33	50	24	26	8	44	7	6	11	51	51	52	52	7	55	
TravelTimes: 
0	17	51	68	60	68	18	43	62	32	31	55	39	46	31	34	78	50	43	57	56	
17	0	66	75	74	79	34	31	78	34	38	64	55	33	16	51	95	67	51	73	60	
51	66	0	46	17	31	43	78	12	76	69	79	12	83	74	35	37	16	32	43	51	
68	75	46	0	31	19	73	68	53	100	98	116	48	72	73	74	80	62	25	88	19	
60	74	17	31	0	14	57	79	22	89	84	96	25	83	78	51	48	34	27	60	41	
68	79	31	19	14	0	68	78	36	98	94	108	38	83	81	64	62	48	28	74	34	
18	34	43	73	57	68	0	61	52	32	26	43	31	64	49	17	63	37	48	38	65	
43	31	78	68	79	78	61	0	91	64	69	95	69	4	15	76	113	85	51	98	49	
62	78	12	53	22	36	52	91	0	84	77	84	23	95	86	40	27	17	43	42	61	
32	34	76	100	89	98	32	64	84	0	9	32	64	66	49	46	93	69	75	62	89	
31	38	69	98	84	94	26	69	77	9	0	26	58	71	54	38	84	61	72	52	88	
55	64	79	116	96	108	43	95	84	32	26	0	70	97	80	44	82	66	91	47	109	
39	55	12	48	25	38	31	69	23	64	58	70	0	73	64	26	44	17	29	40	49	
46	33	83	72	83	83	64	4	95	66	71	97	73	0	17	79	118	89	56	102	53	
31	16	74	73	78	81	49	15	86	49	54	80	64	17	0	65	107	78	53	88	55	
34	51	35	74	51	64	17	76	40	46	38	44	26	79	65	0	47	23	51	22	71	
78	95	37	80	48	62	63	113	27	93	84	82	44	118	107	47	0	28	70	34	88	
50	67	16	62	34	48	37	85	17	69	61	66	17	89	78	23	28	0	46	26	65	
43	51	32	25	27	28	48	51	43	75	72	91	29	56	53	51	70	46	0	69	20	
57	73	43	88	60	74	38	98	42	62	52	47	40	102	88	22	34	26	69	0	89	
56	60	51	19	41	34	65	49	61	89	88	109	49	53	55	71	88	65	20	89	0	
