nbClients: 20
nbTrips: 3
VehCapacity: 140
ClientDemands: 
20	30	30	20	10	30	20	10	20	10	20	30	10	20	10	20	10	30	30	10	
ServiceTimes: 
27	15	55	57	41	26	24	6	13	11	19	61	18	60	28	13	54	50	19	28	
TravelTimes: 
0	41	35	41	82	18	69	65	13	7	17	91	72	86	55	64	50	15	100	27	26	
41	0	76	28	98	24	58	69	37	34	24	76	92	74	24	87	55	28	75	67	42	
35	76	0	72	82	53	92	79	42	42	52	114	70	107	88	61	68	50	127	17	49	
41	28	72	0	71	27	32	41	29	37	29	52	66	49	19	63	27	37	58	57	24	
82	98	82	71	0	84	57	33	72	85	86	67	12	59	87	21	44	92	89	67	60	
18	24	53	27	84	0	58	60	14	11	2	79	76	76	38	70	45	10	85	43	24	
69	58	92	32	57	58	0	25	55	67	60	21	58	17	38	59	25	69	36	75	44	
65	69	79	41	33	60	25	0	52	65	62	40	33	32	55	35	15	70	59	61	39	
13	37	42	29	72	14	55	52	0	13	15	77	62	72	45	56	37	20	87	30	13	
7	34	42	37	85	11	67	65	13	0	10	88	75	84	49	68	50	8	95	34	26	
17	24	52	29	86	2	60	62	15	10	0	81	77	78	39	71	47	8	87	43	26	
91	76	114	52	67	79	21	40	77	88	81	0	71	8	52	75	45	89	22	97	66	
72	92	70	66	12	76	58	33	62	75	77	71	0	63	84	9	39	82	92	55	51	
86	74	107	49	59	76	17	32	72	84	78	8	63	0	52	66	39	86	30	90	61	
55	24	88	19	87	38	38	55	45	49	39	52	84	52	0	81	44	46	50	75	43	
64	87	61	63	21	70	59	35	56	68	71	75	9	66	81	0	38	76	95	46	46	
50	55	68	27	44	45	25	15	37	50	47	45	39	39	44	38	0	54	61	51	24	
15	28	50	37	92	10	69	70	20	8	8	89	82	86	46	76	54	0	95	43	32	
100	75	127	58	89	85	36	59	87	95	87	22	92	30	50	95	61	95	0	110	78	
27	67	17	57	67	43	75	61	30	34	43	97	55	90	75	46	51	43	110	0	33	
26	42	49	24	60	24	44	39	13	26	26	66	51	61	43	46	24	32	78	33	0	
