nbClients: 20
nbTrips: 3
VehCapacity: 140
ClientDemands: 
20	20	20	30	10	10	10	10	10	30	20	30	20	30	30	20	10	10	30	20	
ServiceTimes: 
0	0	0	0	0	0	0	0	0	0	0	0	0	0	0	0	0	0	0	0	
TravelTimes: 
0	83	28	54	65	14	23	14	74	38	68	79	13	37	13	59	55	43	38	35	16	
83	0	88	50	18	93	98	75	11	78	26	84	75	73	91	26	28	68	73	115	99	
28	88	0	45	70	39	49	40	82	65	81	105	20	18	39	61	61	26	65	55	37	
54	50	45	0	36	68	77	56	48	74	55	102	42	26	67	25	32	20	71	90	71	
65	18	70	36	0	75	80	57	12	62	20	76	57	56	73	11	9	53	58	97	80	
14	93	39	68	75	0	9	17	83	34	75	74	27	51	1	70	65	57	36	22	8	
23	98	49	77	80	9	0	23	88	31	79	71	36	60	10	77	71	66	34	17	13	
14	75	40	56	57	17	23	0	65	25	58	65	21	44	16	54	48	49	25	39	24	
74	11	82	48	12	83	88	65	0	67	15	73	68	68	82	23	20	65	62	105	89	
38	78	65	74	62	34	31	25	67	0	54	41	46	68	33	64	55	72	4	47	42	
68	26	81	55	20	75	79	58	15	54	0	58	64	71	74	30	23	68	50	96	82	
79	84	105	102	76	74	71	65	73	41	58	0	84	104	73	83	73	106	40	84	82	
13	75	20	42	57	27	36	21	68	46	64	84	0	24	26	50	47	30	45	47	28	
37	73	18	26	56	51	60	44	68	68	71	104	24	0	50	46	49	7	67	70	51	
13	91	39	67	73	1	10	16	82	33	74	73	26	50	0	69	63	56	35	23	9	
59	26	61	25	11	70	77	54	23	64	30	83	50	46	69	0	9	42	60	93	75	
55	28	61	32	9	65	71	48	20	55	23	73	47	49	63	9	0	46	51	87	70	
43	68	26	20	53	57	66	49	65	72	68	106	30	7	56	42	46	0	70	77	58	
38	73	65	71	58	36	34	25	62	4	50	40	45	67	35	60	51	70	0	50	44	
35	115	55	90	97	22	17	39	105	47	96	84	47	70	23	93	87	77	50	0	19	
16	99	37	71	80	8	13	24	89	42	82	82	28	51	9	75	70	58	44	19	0	
