nbClients: 20
nbTrips: 3
VehCapacity: 140
ClientDemands: 
20	10	30	10	20	30	10	10	10	20	10	30	30	30	20	30	20	20	10	20	
ServiceTimes: 
74	91	81	122	159	94	84	139	102	80	139	84	128	139	78	89	163	134	74	112	
TravelTimes: 
0	29	32	74	43	48	45	28	82	62	58	43	76	42	53	41	65	56	74	27	20	
29	0	26	56	55	37	54	19	54	70	49	67	48	55	48	67	68	38	53	31	27	
32	26	0	83	72	63	73	7	74	90	75	75	66	71	72	72	90	64	78	51	44	
74	56	83	0	59	26	54	76	42	59	22	88	45	61	30	91	49	18	12	49	55	
43	55	72	59	0	36	5	66	88	19	37	29	87	2	29	34	24	48	66	24	28	
48	37	63	26	36	0	33	56	52	43	12	63	51	38	13	66	37	12	30	23	29	
45	54	73	54	5	33	0	67	85	17	32	34	84	7	24	39	20	45	62	23	28	
28	19	7	76	66	56	67	0	68	84	68	71	61	66	65	69	84	57	71	44	38	
82	54	74	42	88	52	85	68	0	95	57	112	8	89	63	113	86	40	30	69	70	
62	70	90	59	19	43	17	84	95	0	38	42	95	20	31	48	11	54	68	39	45	
58	49	75	22	37	12	32	68	57	38	0	66	58	38	8	69	29	18	30	31	38	
43	67	75	88	29	63	34	71	112	42	66	0	109	27	58	5	52	75	94	43	42	
76	48	66	45	87	51	84	61	8	95	58	109	0	88	64	110	87	41	34	66	67	
42	55	71	61	2	38	7	66	89	20	38	27	88	0	30	32	26	50	68	24	28	
53	48	72	30	29	13	24	65	63	31	8	58	64	30	0	61	24	23	38	25	32	
41	67	72	91	34	66	39	69	113	48	69	5	110	32	61	0	57	77	96	44	43	
65	68	90	49	24	37	20	84	86	11	29	52	87	26	24	57	0	46	59	39	46	
56	38	64	18	48	12	45	57	40	54	18	75	41	50	23	77	46	0	19	33	38	
74	53	78	12	66	30	62	71	30	68	30	94	34	68	38	96	59	19	0	52	57	
27	31	51	49	24	23	23	44	69	39	31	43	66	24	25	44	39	33	52	0	7	
20	27	44	55	28	29	28	38	70	45	38	42	67	28	32	43	46	38	57	7	0	
