nbClients: 20
nbTrips: 3
VehCapacity: 140
ClientDemands: 
30	20	20	20	30	20	10	10	30	30	30	10	20	20	10	20	10	30	10	10	
ServiceTimes: 
77	122	102	106	138	123	96	163	82	131	174	95	83	73	140	100	100	136	134	70	
TravelTimes: 
0	40	58	45	64	59	73	27	16	12	69	18	18	62	54	56	22	72	41	41	85	
40	0	52	34	25	66	45	54	51	43	38	22	51	53	55	73	55	39	43	32	52	
58	52	0	85	57	20	96	43	74	49	38	49	52	4	10	36	51	44	89	21	51	
45	34	85	0	52	95	31	71	46	56	72	38	63	87	86	97	68	72	14	64	84	
64	25	57	52	0	75	46	74	76	66	25	46	74	56	64	87	76	23	64	43	32	
59	66	20	95	75	0	111	36	74	48	59	56	47	23	11	17	44	64	96	33	72	
73	45	96	31	46	111	0	95	77	82	71	60	90	97	101	118	94	69	45	77	77	
27	54	43	71	74	36	95	0	39	15	69	34	11	48	36	30	8	74	68	35	85	
16	51	74	46	76	74	77	39	0	26	84	32	28	78	70	69	32	87	36	57	100	
12	43	49	56	66	48	82	15	26	0	66	21	8	53	44	44	12	70	52	34	83	
69	38	38	72	25	59	71	69	84	66	0	52	73	36	47	73	74	5	82	34	16	
18	22	49	38	46	56	60	34	32	21	52	0	30	52	49	59	34	55	40	29	68	
18	51	52	63	74	47	90	11	28	8	73	30	0	56	45	41	4	77	59	40	89	
62	53	4	87	56	23	97	48	78	53	36	52	56	0	14	40	55	41	91	23	48	
54	55	10	86	64	11	101	36	70	44	47	49	45	14	0	26	43	53	89	23	61	
56	73	36	97	87	17	118	30	69	44	73	59	41	40	26	0	37	79	96	43	87	
22	55	51	68	76	44	94	8	32	12	74	34	4	55	43	37	0	78	63	40	91	
72	39	44	72	23	64	69	74	87	70	5	55	77	41	53	79	78	0	83	39	13	
41	43	89	14	64	96	45	68	36	52	82	40	59	91	89	96	63	83	0	68	95	
41	32	21	64	43	33	77	35	57	34	34	29	40	23	23	43	40	39	68	0	50	
85	52	51	84	32	72	77	85	100	83	16	68	89	48	61	87	91	13	95	50	0	
