nbClients: 10
nbTrips: 2
VehCapacity: 120
ClientDemands: 
20	30	20	10	20	30	10	30	10	30	
ServiceTimes: 
0	0	0	0	0	0	0	0	0	0	
TravelTimes: 
0	61	70	48	53	53	51	43	83	68	82	
61	0	9	29	28	25	62	20	88	31	26	
70	9	0	37	35	32	66	28	89	36	24	
48	29	37	0	5	6	72	27	103	20	36	
53	28	35	5	0	3	76	30	106	15	32	
53	25	32	6	3	0	74	28	104	15	30	
51	62	66	72	76	74	0	46	32	88	89	
43	20	28	27	30	28	46	0	76	41	44	
83	88	89	103	106	104	32	76	0	117	113	
68	31	36	20	15	15	88	41	117	0	21	
82	26	24	36	32	30	89	44	113	21	0	
