nbClients: 10
nbTrips: 2
VehCapacity: 120
ClientDemands: 
10	30	20	30	10	20	10	30	30	20	
ServiceTimes: 
34	32	33	23	25	4	7	46	39	18	
TravelTimes: 
0	39	31	27	40	51	56	66	69	53	17	
39	0	69	65	6	15	46	43	42	36	28	
31	69	0	16	70	83	82	95	99	81	47	
27	65	16	0	67	76	69	84	88	70	39	
40	6	70	67	0	19	52	49	48	42	32	
51	15	83	76	19	0	40	31	29	29	37	
56	46	82	69	52	40	0	19	26	11	39	
66	43	95	84	49	31	19	0	7	13	48	
69	42	99	88	48	29	26	7	0	18	51	
53	36	81	70	42	29	11	13	18	0	35	
17	28	47	39	32	37	39	48	51	35	0	
