nbClients: 10
nbTrips: 2
VehCapacity: 120
ClientDemands: 
30	30	30	10	10	20	20	20	30	10	
ServiceTimes: 
89	84	129	88	88	140	136	124	135	76	
TravelTimes: 
0	21	64	75	43	44	17	43	31	22	82	
21	0	43	62	25	27	7	44	43	43	63	
64	43	0	37	21	22	46	57	73	83	20	
75	62	37	0	38	36	60	44	68	86	30	
43	25	21	38	0	2	26	38	52	61	38	
44	27	22	36	2	0	27	36	51	61	38	
17	7	46	60	26	27	0	37	36	37	65	
43	44	57	44	38	36	37	0	25	46	65	
31	43	73	68	52	51	36	25	0	23	86	
22	43	83	86	61	61	37	46	23	0	99	
82	63	20	30	38	38	65	65	86	99	0	
