nbClients: 10
nbTrips: 2
VehCapacity: 120
ClientDemands: 
30	20	30	20	20	10	10	30	30	10	
ServiceTimes: 
158	144	108	143	98	133	126	65	93	155	
TravelTimes: 
0	69	89	9	44	86	74	2	69	70	89	
69	0	19	61	89	21	13	71	49	86	65	
89	19	0	80	106	14	19	91	57	98	69	
9	61	80	0	51	78	67	12	65	72	87	
44	89	106	51	0	98	88	42	60	35	74	
86	21	14	78	98	0	11	87	45	86	55	
74	13	19	67	88	11	0	76	39	79	53	
2	71	91	12	42	87	76	0	69	69	89	
69	49	57	65	60	45	39	69	0	42	21	
70	86	98	72	35	86	79	69	42	0	45	
89	65	69	87	74	55	53	89	21	45	0	
