nbClients: 10
nbTrips: 2
VehCapacity: 120
ClientDemands: 
30	30	20	10	30	20	10	10	20	30	
ServiceTimes: 
143	107	140	164	120	73	66	67	114	73	
TravelTimes: 
0	63	44	61	107	34	49	52	75	42	29	
63	0	30	12	66	53	27	19	14	21	67	
44	30	0	21	94	53	40	35	44	22	39	
61	12	21	0	79	59	36	28	25	24	60	
107	66	94	79	0	76	59	60	54	74	124	
34	53	53	59	76	0	27	34	59	35	60	
49	27	40	36	59	27	0	7	31	17	65	
52	19	35	28	60	34	7	0	24	14	65	
75	14	44	25	54	59	31	24	0	33	81	
42	21	22	24	74	35	17	14	33	0	50	
29	67	39	60	124	60	65	65	81	50	0	
