nbClients: 10
nbTrips: 2
VehCapacity: 120
ClientDemands: 
30	20	20	30	30	30	10	20	10	10	
ServiceTimes: 
132	97	141	117	72	67	161	113	177	154	
TravelTimes: 
0	35	103	74	69	95	88	27	91	49	40	
35	0	70	39	56	71	62	8	59	34	33	
103	70	0	48	62	96	28	77	12	91	72	
74	39	48	0	73	51	57	47	42	45	63	
69	56	62	73	0	121	35	56	52	90	29	
95	71	96	51	121	0	109	77	93	46	103	
88	62	28	57	35	109	0	66	20	91	52	
27	8	77	47	56	77	66	0	66	36	29	
91	59	12	42	52	93	20	66	0	83	60	
49	34	91	45	90	46	91	36	83	0	66	
40	33	72	63	29	103	52	29	60	66	0	
