nbClients: 15
nbTrips: 3
VehCapacity: 120
ClientDemands: 
10	10	30	20	30	20	10	10	20	20	30	10	30	30	20	
ServiceTimes: 
115	99	72	92	111	115	117	82	129	84	139	156	127	77	138	
TravelTimes: 
0	39	52	41	76	81	54	30	77	57	56	54	64	62	82	44	
39	0	60	79	101	110	87	31	107	85	37	59	54	83	82	6	
52	60	0	59	48	60	50	30	60	39	36	5	25	29	30	60	
41	79	59	0	51	50	22	57	45	35	83	64	82	48	87	83	
76	101	48	51	0	13	29	70	16	19	84	52	72	19	59	103	
81	110	60	50	13	0	29	80	5	25	96	64	84	31	72	112	
54	87	50	22	29	29	0	60	24	14	81	55	75	29	73	90	
30	31	30	57	70	80	60	0	78	55	27	29	34	52	56	32	
77	107	60	45	16	5	24	78	0	22	95	64	84	31	74	110	
57	85	39	35	19	25	14	55	22	0	73	44	64	14	59	87	
56	37	36	83	84	96	81	27	95	73	0	32	19	65	48	34	
54	59	5	64	52	64	55	29	64	44	32	0	20	33	27	58	
64	54	25	82	72	84	75	34	84	64	19	20	0	53	29	52	
62	83	29	48	19	31	29	52	31	14	65	33	53	0	45	85	
82	82	30	87	59	72	73	56	74	59	48	27	29	45	0	80	
44	6	60	83	103	112	90	32	110	87	34	58	52	85	80	0	
