nbClients: 15
nbTrips: 3
VehCapacity: 120
ClientDemands: 
20	10	30	30	20	30	10	20	30	20	10	20	10	10	30	
ServiceTimes: 
45	6	38	16	55	18	34	51	1	47	40	13	8	33	39	
TravelTimes: 
0	89	109	86	63	77	58	94	83	66	91	103	17	83	80	35	
89	0	21	66	68	52	77	31	10	64	17	15	72	38	67	55	
109	21	0	70	78	59	88	30	31	74	21	7	93	56	86	75	
86	66	70	0	24	14	32	40	72	20	51	70	78	97	118	58	
63	68	78	24	0	22	10	50	70	5	57	76	57	90	107	39	
77	52	59	14	22	0	32	29	57	17	39	58	68	82	104	47	
58	77	88	32	10	32	0	60	78	15	67	86	55	96	111	41	
94	31	30	40	50	29	60	0	39	45	14	30	80	68	95	59	
83	10	31	72	70	57	78	39	0	67	25	24	67	28	57	52	
66	64	74	20	5	17	15	45	67	0	53	72	59	88	106	40	
91	17	21	51	57	39	67	14	25	53	0	19	76	54	82	56	
103	15	7	70	76	58	86	30	24	72	19	0	87	49	79	69	
17	72	93	78	57	68	55	80	67	59	76	87	0	66	66	21	
83	38	56	97	90	82	96	68	28	88	54	49	66	0	30	60	
80	67	86	118	107	104	111	95	57	106	82	79	66	30	0	69	
35	55	75	58	39	47	41	59	52	40	56	69	21	60	69	0	
