nbClients: 15
nbTrips: 3
VehCapacity: 120
ClientDemands: 
20	10	20	30	30	30	20	10	10	10	20	20	10	30	30	
ServiceTimes: 
0	0	0	0	0	0	0	0	0	0	0	0	0	0	0	
TravelTimes: 
0	51	60	53	45	9	54	70	77	50	46	76	16	72	21	83	
51	0	74	56	10	60	41	93	57	68	28	28	66	58	72	98	
60	74	0	19	64	60	37	20	45	9	46	81	59	37	69	24	
53	56	19	0	46	56	18	39	31	17	27	62	58	24	67	42	
45	10	64	46	0	54	32	83	50	58	19	31	60	50	66	88	
9	60	60	56	54	0	60	67	83	50	53	85	6	77	13	81	
54	41	37	18	32	60	0	57	23	35	13	43	63	19	73	59	
70	93	20	39	83	67	57	0	64	24	65	101	64	56	73	17	
77	57	45	31	50	83	23	64	0	48	34	47	86	8	95	59	
50	68	9	17	58	50	35	24	48	0	41	78	50	40	60	33	
46	28	46	27	19	53	13	65	34	41	0	37	58	32	66	69	
76	28	81	62	31	85	43	101	47	78	37	0	91	51	97	101	
16	66	59	58	60	6	63	64	86	50	58	91	0	80	10	80	
72	58	37	24	50	77	19	56	8	40	32	51	80	0	89	52	
21	72	69	67	66	13	73	73	95	60	66	97	10	89	0	89	
83	98	24	42	88	81	59	17	59	33	69	101	80	52	89	0	
