nbClients: 15
nbTrips: 3
VehCapacity: 120
ClientDemands: 
30	20	20	10	10	10	30	10	20	30	10	30	20	30	20	
ServiceTimes: 
36	42	11	21	24	43	14	7	30	44	7	21	7	15	2	
TravelTimes: 
0	69	77	17	38	15	79	42	41	71	68	29	46	77	62	97	
69	0	77	74	44	64	57	54	32	91	17	81	27	26	9	39	
77	77	0	64	47	62	23	37	58	23	60	58	81	56	68	67	
17	74	64	0	33	10	69	33	42	55	69	11	55	76	65	95	
38	44	47	33	0	25	42	11	14	51	36	37	36	42	35	62	
15	64	62	10	25	0	65	28	32	57	60	19	45	67	55	87	
79	57	23	69	42	65	0	36	48	46	41	67	68	34	50	43	
42	54	37	33	11	28	36	0	25	40	43	33	48	46	44	65	
41	32	58	42	14	32	48	25	0	65	27	49	23	36	23	56	
71	91	23	55	51	57	46	40	65	0	76	46	88	75	82	88	
68	17	60	69	36	60	41	43	27	76	0	73	36	11	12	29	
29	81	58	11	37	19	67	33	49	46	73	0	64	79	72	98	
46	27	81	55	36	45	68	48	23	88	36	64	0	47	24	64	
77	26	56	76	42	67	34	46	36	75	11	79	47	0	23	20	
62	9	68	65	35	55	50	44	23	82	12	72	24	23	0	40	
97	39	67	95	62	87	43	65	56	88	29	98	64	20	40	0	
