nbClients: 15
nbTrips: 3
VehCapacity: 120
ClientDemands: 
30	20	20	30	30	10	10	10	20	10	10	30	30	20	20	
ServiceTimes: 
0	0	0	0	0	0	0	0	0	0	0	0	0	0	0	
TravelTimes: 
0	10	53	25	15	18	53	50	60	71	13	15	31	88	5	25	
10	0	49	31	16	18	63	47	70	81	19	5	41	95	11	35	
53	49	0	79	65	35	96	7	94	112	46	47	67	85	58	73	
25	31	79	0	17	44	43	76	57	60	35	36	37	101	21	21	
15	16	65	17	0	33	57	63	68	75	28	19	42	103	10	30	
18	18	35	44	33	0	63	32	65	80	11	19	35	79	23	38	
53	63	96	43	57	63	0	90	18	18	52	68	29	76	53	28	
50	47	7	76	63	32	90	0	87	106	42	46	61	78	55	68	
60	70	94	57	68	65	18	87	0	21	55	75	30	59	61	38	
71	81	112	60	75	80	18	106	21	0	69	86	45	78	71	46	
13	19	46	35	28	11	52	42	55	69	0	22	25	76	17	26	
15	5	47	36	19	19	68	46	75	86	22	0	45	98	16	40	
31	41	67	37	42	35	29	61	30	45	25	45	0	63	33	16	
88	95	85	101	103	79	76	78	59	78	76	98	63	0	92	80	
5	11	58	21	10	23	53	55	61	71	17	16	33	92	0	25	
25	35	73	21	30	38	28	68	38	46	26	40	16	80	25	0	
