nbClients: 15
nbTrips: 3
VehCapacity: 120
ClientDemands: 
20	30	20	10	10	30	10	20	30	10	10	30	30	20	20	
ServiceTimes: 
0	0	0	0	0	0	0	0	0	0	0	0	0	0	0	
TravelTimes: 
0	17	48	12	32	8	49	58	72	50	53	52	79	31	49	67	
17	0	54	18	17	12	64	58	61	65	70	67	70	21	57	62	
48	54	0	60	55	44	38	24	66	41	56	36	61	76	4	41	
12	18	60	0	35	18	59	70	78	59	60	62	87	22	62	77	
32	17	55	35	0	24	74	51	44	76	83	76	54	32	58	50	
8	12	44	18	24	0	52	52	64	53	59	55	70	31	46	59	
49	64	38	59	74	52	0	62	99	3	19	4	98	80	34	78	
58	58	24	70	51	52	62	0	45	65	80	61	38	79	28	17	
72	61	66	78	44	64	99	45	0	102	114	100	16	75	70	31	
50	65	41	59	76	53	3	65	102	0	16	6	101	81	37	81	
53	70	56	60	83	59	19	80	114	16	0	22	114	82	53	95	
52	67	36	62	76	55	4	61	100	6	22	0	97	83	33	77	
79	70	61	87	54	70	98	38	16	101	114	97	0	86	65	21	
31	21	76	22	32	31	80	79	75	81	82	83	86	0	78	82	
49	57	4	62	58	46	34	28	70	37	53	33	65	78	0	45	
67	62	41	77	50	59	78	17	31	81	95	77	21	82	45	0	
