nbClients: 30
nbTrips: 3
VehCapacity: 200
ClientDemands: 
30	20	20	20	10	10	20	30	20	20	30	30	30	10	10	10	30	10	20	10	10	10	30	20	10	10	10	20	20	30	
ServiceTimes: 
0	0	0	0	0	0	0	0	0	0	0	0	0	0	0	0	0	0	0	0	0	0	0	0	0	0	0	0	0	0	
TravelTimes: 
0	68	58	31	53	52	37	54	95	22	91	40	55	53	16	82	43	11	49	22	74	75	72	60	77	50	17	53	75	50	84	
68	0	16	66	15	23	50	47	29	73	66	34	31	68	69	70	26	57	19	70	6	60	49	10	10	79	60	36	73	89	21	
58	16	0	51	8	7	34	52	45	68	78	20	38	71	63	80	15	47	18	65	22	70	60	6	20	80	54	41	81	88	25	
31	66	51	0	51	44	17	73	96	53	110	32	68	80	47	104	41	29	52	53	72	96	90	56	72	80	44	68	100	81	75	
53	15	8	51	0	10	35	44	44	61	71	19	30	63	57	72	11	42	9	58	21	62	52	6	23	72	47	33	72	80	31	
52	23	7	44	10	0	27	53	52	64	81	13	40	70	59	82	11	42	19	61	29	72	62	12	27	78	50	43	82	86	32	
37	50	34	17	35	27	0	65	79	55	99	16	56	76	49	96	26	29	38	54	56	87	79	39	55	78	43	57	93	82	58	
54	47	52	73	44	53	65	0	59	44	37	52	15	22	44	31	44	47	34	40	49	22	18	47	57	35	37	11	29	47	68	
95	29	45	96	44	52	79	59	0	96	59	63	45	80	93	70	55	84	46	92	23	61	51	39	26	94	84	50	77	106	32	
22	73	68	53	61	64	55	44	96	0	79	54	52	36	6	67	53	26	54	4	78	62	62	68	84	29	14	48	58	28	93	
91	66	78	110	71	81	99	37	59	79	0	85	42	45	80	16	75	84	63	75	64	16	20	71	73	59	74	42	27	71	83	
40	34	20	32	19	13	16	52	63	54	85	0	42	66	48	82	10	30	22	52	40	73	65	24	40	72	40	43	81	78	45	
55	31	38	68	30	40	56	15	45	52	42	42	0	37	50	42	32	46	21	48	33	32	23	32	41	50	41	5	42	60	52	
53	68	71	80	63	70	76	22	80	36	45	66	37	0	39	31	60	51	53	33	70	29	33	67	78	15	37	32	22	27	89	
16	69	63	47	57	59	49	44	93	6	80	48	50	39	0	69	48	20	49	6	75	64	62	63	79	34	9	46	61	34	88	
82	70	80	104	72	82	96	31	70	67	16	82	42	31	69	0	73	77	63	64	69	10	20	74	79	44	65	39	11	56	90	
43	26	15	41	11	11	26	44	55	53	75	10	32	60	48	73	0	32	12	50	32	64	55	17	34	67	39	34	73	74	41	
11	57	47	29	42	42	29	47	84	26	84	30	46	51	20	77	32	0	38	25	63	69	65	49	66	51	15	44	71	53	73	
49	19	18	52	9	19	38	34	46	54	63	22	21	53	49	63	12	38	0	50	25	53	44	14	29	62	40	24	63	71	39	
22	70	65	53	58	61	54	40	92	4	75	52	48	33	6	64	50	25	50	0	75	59	58	64	80	27	11	44	55	28	89	
74	6	22	72	21	29	56	49	23	78	64	40	33	70	75	69	32	63	25	75	0	60	49	16	9	82	65	38	73	93	20	
75	60	70	96	62	72	87	22	61	62	16	73	32	29	64	10	64	69	53	59	60	0	10	64	69	44	58	29	15	56	80	
72	49	60	90	52	62	79	18	51	62	20	65	23	33	62	20	55	65	44	58	49	10	0	54	58	48	56	21	25	60	69	
60	10	6	56	6	12	39	47	39	68	71	24	32	67	63	74	17	49	14	64	16	64	54	0	17	77	54	36	75	86	25	
77	10	20	72	23	27	55	57	26	84	73	40	41	78	79	79	34	66	29	80	9	69	58	17	0	90	70	46	82	100	11	
50	79	80	80	72	78	78	35	94	29	59	72	50	15	34	44	67	51	62	27	82	44	48	77	90	0	36	45	34	12	101	
17	60	54	44	47	50	43	37	84	14	74	40	41	37	9	65	39	15	40	11	65	58	56	54	70	36	0	38	58	38	79	
53	36	41	68	33	43	57	11	50	48	42	43	5	32	46	39	34	44	24	44	38	29	21	36	46	45	38	0	39	55	57	
75	73	81	100	72	82	93	29	77	58	27	81	42	22	61	11	73	71	63	55	73	15	25	75	82	34	58	39	0	45	94	
50	89	88	81	80	86	82	47	106	28	71	78	60	27	34	56	74	53	71	28	93	56	60	86	100	12	38	55	45	0	110	
84	21	25	75	31	32	58	68	32	93	83	45	52	89	88	90	41	73	39	89	20	80	69	25	11	101	79	57	94	110	0	
