nbClients: 30
nbTrips: 3
VehCapacity: 200
ClientDemands: 
20	10	30	20	20	30	20	20	10	10	10	20	10	10	30	20	10	20	10	30	10	20	10	10	30	10	30	30	30	20	
ServiceTimes: 
0	0	0	0	0	0	0	0	0	0	0	0	0	0	0	0	0	0	0	0	0	0	0	0	0	0	0	0	0	0	
TravelTimes: 
0	60	14	10	80	76	53	49	78	25	75	35	34	87	85	81	54	53	25	13	60	36	72	19	48	13	78	31	39	43	29	
60	0	46	66	20	23	51	72	60	50	27	50	67	35	44	49	29	65	65	63	50	30	17	70	68	53	57	59	80	73	67	
14	46	0	20	66	63	44	50	68	21	62	28	35	73	73	70	41	51	27	21	50	22	58	27	46	10	68	31	43	44	33	
10	66	20	0	85	83	49	59	75	35	82	32	26	89	86	81	55	63	17	23	57	38	79	9	41	13	75	41	29	34	38	
80	20	66	85	0	23	62	89	64	70	30	65	83	25	39	49	40	81	83	83	59	48	19	89	82	72	60	78	97	89	87	
76	23	63	83	23	0	74	72	82	59	7	72	88	48	61	69	52	63	85	75	73	51	6	89	91	71	79	65	101	95	74	
53	51	44	49	62	74	0	94	25	65	77	17	30	52	43	34	22	93	35	65	8	28	68	46	21	40	26	75	42	30	78	
49	72	50	59	89	72	94	0	116	29	67	79	83	107	113	113	84	10	74	36	99	67	72	68	96	58	115	19	88	92	21	
78	60	68	75	64	82	25	116	0	87	87	42	53	44	30	17	33	113	60	89	18	49	76	71	42	65	3	98	65	52	102	
25	50	21	35	70	59	65	29	87	0	56	50	56	83	86	86	57	29	48	17	70	38	56	44	67	31	87	10	63	65	17	
75	27	62	82	30	7	77	67	87	56	0	74	90	55	67	74	56	57	86	72	77	53	11	89	94	71	84	61	102	97	71	
35	50	28	32	65	72	17	79	42	50	74	0	18	61	56	49	27	79	20	48	25	20	66	30	20	22	43	59	31	23	62	
34	67	35	26	83	88	30	83	53	56	90	18	0	79	72	64	45	85	9	48	38	37	83	19	14	25	55	64	13	9	63	
87	35	73	89	25	48	52	107	44	83	55	61	79	0	15	26	34	100	81	93	46	51	43	90	74	76	40	93	93	82	100	
85	44	73	86	39	61	43	113	30	86	67	56	72	15	0	12	31	107	76	94	35	50	55	86	64	73	26	97	85	73	103	
81	49	70	81	49	69	34	113	17	86	74	49	64	26	12	0	29	109	69	91	26	48	63	79	54	69	14	97	76	64	102	
54	29	41	55	40	52	22	84	33	57	56	27	45	34	31	29	0	81	46	62	21	18	46	55	42	42	31	67	59	49	73	
53	65	51	63	81	63	93	10	113	29	57	79	85	100	107	109	81	0	77	40	97	65	63	72	97	60	112	22	92	94	27	
25	65	27	17	83	85	35	74	60	48	86	20	9	81	76	69	46	77	0	39	43	35	80	11	24	17	61	55	16	18	54	
13	63	21	23	83	75	65	36	89	17	72	48	48	93	94	91	62	40	39	0	71	44	72	32	62	25	89	18	52	57	15	
60	50	50	57	59	73	8	99	18	70	77	25	38	46	35	26	21	97	43	71	0	32	67	54	28	47	18	81	50	38	84	
36	30	22	38	48	51	28	67	49	38	53	20	37	51	50	48	18	65	35	44	32	0	46	41	40	25	48	49	50	43	54	
72	17	58	79	19	6	68	72	76	56	11	66	83	43	55	63	46	63	80	72	67	46	0	84	85	67	73	64	96	90	73	
19	70	27	9	89	89	46	68	71	44	89	30	19	90	86	79	55	72	11	32	54	41	84	0	34	17	72	50	20	27	47	
48	68	46	41	82	91	21	96	42	67	94	20	14	74	64	54	42	97	24	62	28	40	85	34	0	37	44	76	23	10	77	
13	53	10	13	72	71	40	58	65	31	71	22	25	76	73	69	42	60	17	25	47	25	67	17	37	0	65	39	33	34	40	
78	57	68	75	60	79	26	115	3	87	84	43	55	40	26	14	31	112	61	89	18	48	73	72	44	65	0	97	67	54	102	
31	59	31	41	78	65	75	19	98	10	61	59	64	93	97	97	67	22	55	18	81	49	64	50	76	39	97	0	70	73	9	
39	80	43	29	97	101	42	88	65	63	102	31	13	93	85	76	59	92	16	52	50	50	96	20	23	33	67	70	0	13	67	
43	73	44	34	89	95	30	92	52	65	97	23	9	82	73	64	49	94	18	57	38	43	90	27	10	34	54	73	13	0	72	
29	67	33	38	87	74	78	21	102	17	71	62	63	100	103	102	73	27	54	15	84	54	73	47	77	40	102	9	67	72	0	
