nbClients: 30
nbTrips: 3
VehCapacity: 200
ClientDemands: 
20	10	30	20	20	30	10	20	10	10	30	20	10	10	30	20	30	20	10	10	10	20	20	30	10	20	30	30	10	10	
ServiceTimes: 
0	0	0	0	0	0	0	0	0	0	0	0	0	0	0	0	0	0	0	0	0	0	0	0	0	0	0	0	0	0	
TravelTimes: 
0	36	92	110	67	32	63	76	44	46	26	84	79	46	91	84	22	114	80	38	36	83	8	81	97	85	83	31	69	85	3	
36	0	56	76	31	22	46	46	40	11	27	53	43	27	57	57	26	78	49	12	40	57	41	63	69	50	54	7	36	49	39	
92	56	0	23	25	67	62	46	74	46	75	44	15	57	33	58	81	21	43	56	82	43	97	64	42	22	34	63	28	18	95	
110	76	23	0	44	82	68	68	85	64	90	66	38	70	54	80	101	17	65	72	94	43	114	63	34	44	35	82	41	41	113	
67	31	25	44	0	42	45	38	53	20	51	41	14	35	38	53	56	47	38	31	59	39	72	54	45	27	31	38	12	24	70	
32	22	67	82	42	0	31	67	18	26	8	74	57	13	76	79	37	89	70	13	18	51	34	49	65	67	51	25	40	65	34	
63	46	62	68	45	31	0	82	21	42	37	86	58	20	84	96	68	80	83	34	31	26	62	18	41	72	32	52	35	69	64	
76	46	46	68	38	67	82	0	83	42	73	8	33	66	19	14	56	60	5	54	85	77	83	93	82	24	69	47	51	27	79	
44	40	74	85	53	18	21	83	0	41	19	89	67	18	90	96	54	95	85	29	10	47	43	37	61	80	50	43	46	77	45	
46	11	46	64	20	26	42	42	41	0	32	48	33	24	50	55	37	67	44	13	44	48	51	56	59	42	44	18	25	40	49	
26	27	75	90	51	8	37	73	19	32	0	80	64	21	83	84	35	97	76	20	14	58	26	55	73	75	60	27	48	73	27	
84	53	44	66	41	74	86	8	89	48	80	0	33	72	13	14	64	56	4	61	92	79	91	96	83	21	71	54	54	25	87	
79	43	15	38	14	57	58	33	67	33	64	33	0	49	26	46	66	36	31	44	73	47	84	65	50	14	38	48	23	10	82	
46	27	57	70	35	13	20	66	18	24	21	72	49	0	72	79	48	78	68	15	24	37	47	37	51	62	38	32	29	59	47	
91	57	33	54	38	76	84	19	90	50	83	13	26	72	0	27	73	43	14	63	94	73	98	91	74	12	64	60	49	16	94	
84	57	58	80	53	79	96	14	96	55	84	14	46	79	27	0	62	70	15	67	97	92	91	107	96	35	83	57	65	39	87	
22	26	81	101	56	37	68	56	54	37	35	64	66	48	73	62	0	102	61	35	49	83	30	85	95	70	80	19	62	70	25	
114	78	21	17	47	89	80	60	95	67	97	56	36	78	43	70	102	0	56	78	103	58	119	79	50	36	49	84	49	34	117	
80	49	43	65	38	70	83	5	85	44	76	4	31	68	14	15	61	56	0	57	88	77	87	93	81	20	68	50	51	24	83	
38	12	56	72	31	13	34	54	29	13	20	61	44	15	63	67	35	78	57	0	31	48	41	51	60	54	46	17	31	52	40	
36	40	82	94	59	18	31	85	10	44	14	92	73	24	94	97	49	103	88	31	0	57	33	48	71	85	60	41	54	82	36	
83	57	43	43	39	51	26	77	47	48	58	79	47	37	73	92	83	58	77	48	57	0	85	21	14	61	9	64	26	57	85	
8	41	97	114	72	34	62	83	43	51	26	91	84	47	98	91	30	119	87	41	33	85	0	80	99	92	85	37	72	91	5	
81	63	64	63	54	49	18	93	37	56	55	96	65	37	91	107	85	79	93	51	48	21	80	0	31	79	30	69	42	75	82	
97	69	42	34	45	65	41	82	61	59	73	83	50	51	74	96	95	50	81	60	71	14	99	31	0	62	15	76	34	58	99	
85	50	22	44	27	67	72	24	80	42	75	21	14	62	12	35	70	36	20	54	85	61	92	79	62	0	52	54	37	4	89	
83	54	34	35	31	51	32	69	50	44	60	71	38	38	64	83	80	49	68	46	60	9	85	30	15	52	0	61	19	48	85	
31	7	63	82	38	25	52	47	43	18	27	54	48	32	60	57	19	84	50	17	41	64	37	69	76	54	61	0	43	54	34	
69	36	28	41	12	40	35	51	46	25	48	54	23	29	49	65	62	49	51	31	54	26	72	42	34	37	19	43	0	34	71	
85	49	18	41	24	65	69	27	77	40	73	25	10	59	16	39	70	34	24	52	82	57	91	75	58	4	48	54	34	0	88	
3	39	95	113	70	34	64	79	45	49	27	87	82	47	94	87	25	117	83	40	36	85	5	82	99	89	85	34	71	88	0	
