nbClients: 30
nbTrips: 3
VehCapacity: 200
ClientDemands: 
10	30	10	20	10	10	20	10	20	10	20	20	10	10	10	20	10	20	10	30	30	20	30	30	30	20	10	30	20	30	
ServiceTimes: 
126	158	147	92	125	106	95	107	103	71	139	124	123	135	74	110	100	86	61	158	158	115	116	99	139	67	61	107	158	147	
TravelTimes: 
0	5	16	18	65	26	61	22	84	25	43	10	40	12	25	38	43	33	58	40	57	18	11	45	34	75	47	72	59	86	82	
5	0	20	24	61	24	58	26	82	31	43	6	38	16	21	34	43	31	53	41	51	24	5	40	39	73	45	69	54	81	76	
16	20	0	6	66	25	58	6	79	11	33	20	38	4	30	54	35	49	73	28	71	20	25	61	20	71	44	70	65	94	93	
18	24	6	0	73	32	64	9	85	7	37	25	44	9	36	57	41	50	77	32	75	16	29	64	15	77	50	76	71	100	98	
65	61	66	73	0	41	20	65	35	76	48	55	29	65	40	70	41	81	71	53	58	83	57	65	84	27	27	18	15	39	52	
26	24	25	32	41	0	34	25	58	35	23	18	13	24	11	50	20	53	64	24	57	43	24	52	44	49	21	45	40	70	72	
61	58	58	64	20	34	0	55	24	65	31	52	20	57	39	77	25	85	83	37	72	77	56	74	72	15	14	12	33	59	71	
22	26	6	9	65	25	55	0	75	10	27	25	36	10	32	60	31	55	78	22	75	26	30	66	19	68	41	67	65	95	95	
84	82	79	85	35	58	24	75	0	85	49	76	44	79	63	101	44	109	105	55	93	99	81	98	92	9	37	17	51	70	86	
25	31	11	7	76	35	65	10	85	0	36	31	46	15	41	64	41	57	84	31	82	21	36	71	9	78	51	77	75	105	104	
43	43	33	37	48	23	31	27	49	36	0	38	21	34	34	73	7	74	87	6	80	53	45	76	43	42	20	43	54	84	91	
10	6	20	25	55	18	52	25	76	31	38	0	31	16	15	36	37	36	53	37	50	29	6	41	40	67	39	63	49	76	73	
40	38	38	44	29	13	20	36	44	46	21	31	0	37	19	60	14	65	70	25	61	56	36	60	55	35	7	32	33	64	70	
12	16	4	9	65	24	57	10	79	15	34	16	37	0	27	50	36	45	69	30	67	19	21	57	24	71	43	69	62	91	89	
25	21	30	36	40	11	39	32	63	41	34	15	19	27	0	40	30	46	53	35	46	43	18	41	51	54	27	49	35	63	63	
38	34	54	57	70	50	77	60	101	64	73	36	60	50	40	0	70	17	21	73	26	50	30	11	71	91	67	85	57	72	59	
43	43	35	41	41	20	25	31	44	41	7	37	14	36	30	70	0	73	83	12	75	56	43	72	48	37	13	37	47	77	84	
33	31	49	50	81	53	85	55	109	57	74	36	65	45	46	17	73	0	37	72	44	38	30	28	63	100	73	94	70	88	76	
58	53	73	77	71	64	83	78	105	84	87	53	70	69	53	21	83	37	0	88	13	71	48	12	92	97	77	89	56	61	45	
40	41	28	32	53	24	37	22	55	31	6	37	25	30	35	73	12	72	88	0	81	49	43	76	37	48	25	49	58	89	94	
57	51	71	75	58	57	72	75	93	82	80	50	61	67	46	26	75	44	13	81	0	72	46	15	90	85	67	76	43	48	33	
18	24	20	16	83	43	77	26	99	21	53	29	56	19	43	50	56	38	71	49	72	0	29	59	25	91	63	88	78	105	100	
11	5	25	29	57	24	56	30	81	36	45	6	36	21	18	30	43	30	48	43	46	29	0	35	44	72	44	67	50	75	71	
45	40	61	64	65	52	74	66	98	71	76	41	60	57	41	11	72	28	12	76	15	59	35	0	79	89	67	81	51	62	48	
34	39	20	15	84	44	72	19	92	9	43	40	55	24	51	71	48	63	92	37	90	25	44	79	0	85	59	85	84	114	113	
75	73	71	77	27	49	15	68	9	78	42	67	35	71	54	91	37	100	97	48	85	91	72	89	85	0	28	9	43	64	79	
47	45	44	50	27	21	14	41	37	51	20	39	7	43	27	67	13	73	77	25	67	63	44	67	59	28	0	26	34	64	72	
72	69	70	76	18	45	12	67	17	77	43	63	32	69	49	85	37	94	89	49	76	88	67	81	85	9	26	0	34	55	70	
59	54	65	71	15	40	33	65	51	75	54	49	33	62	35	57	47	70	56	58	43	78	50	51	84	43	34	34	0	30	38	
86	81	94	100	39	70	59	95	70	105	84	76	64	91	63	72	77	88	61	89	48	105	75	62	114	64	64	55	30	0	20	
82	76	93	98	52	72	71	95	86	104	91	73	70	89	63	59	84	76	45	94	33	100	71	48	113	79	72	70	38	20	0	
